Header1,Header2,By,Region,Village,(1) 胡文中 中華文化復興在理黨,(2) 魯明哲 中國國民黨,(3) 李奇峰 宗教聯盟,(4) 彭俊豪 民主進步黨,(5) 林佳瑋 時代力量,(6) 李文雄 無,有效票數A A=1+2+...+N,無效票數B,投票數C C=A+B,已領未投票數 D D=E-C,發出票數E E=C+D,用餘票數F,選舉人數G G=E+F,投票率H H=C÷G
第10屆區域立法委員選舉桃園市第3,在各村(里),桃園市第3選舉區,　中壢區,後寮里,27,1629,6,1326,286,30,3304,36,3340,0,3340,1224,4564,73.18
第10屆區域立法委員選舉桃園市第3,在各村(里),桃園市第3選舉區,　中壢區,明德里,17,1488,10,1546,346,31,3438,41,3479,0,3479,1030,4509,77.16
第10屆區域立法委員選舉桃園市第3,在各村(里),桃園市第3選舉區,　中壢區,至善里,10,1423,6,819,155,22,2435,36,2471,0,2471,911,3382,73.06
第10屆區域立法委員選舉桃園市第3,在各村(里),桃園市第3選舉區,　中壢區,龍慈里,43,1772,10,1177,249,33,3284,41,3325,0,3325,1118,4443,74.84
第10屆區域立法委員選舉桃園市第3,在各村(里),桃園市第3選舉區,　中壢區,龍興里,15,1474,9,1318,282,24,3122,44,3166,0,3166,937,4103,77.16
第10屆區域立法委員選舉桃園市第3,在各村(里),桃園市第3選舉區,　中壢區,龍德里,19,1546,4,1150,283,14,3016,37,3053,0,3053,833,3886,78.56
第10屆區域立法委員選舉桃園市第3,在各村(里),桃園市第3選舉區,　中壢區,龍岡里,22,1963,12,1131,220,29,3377,46,3423,0,3423,975,4398,77.83
第10屆區域立法委員選舉桃園市第3,在各村(里),桃園市第3選舉區,　中壢區,龍東里,24,2404,8,840,216,24,3516,37,3553,1,3554,1119,4673,76.03
第10屆區域立法委員選舉桃園市第3,在各村(里),桃園市第3選舉區,　中壢區,龍昌里,22,2165,13,1288,294,25,3807,53,3860,0,3860,1239,5099,75.70
第10屆區域立法委員選舉桃園市第3,在各村(里),桃園市第3選舉區,　中壢區,龍平里,9,1496,5,446,118,9,2083,31,2114,0,2114,663,2777,76.13
第10屆區域立法委員選舉桃園市第3,在各村(里),桃園市第3選舉區,　中壢區,仁美里,26,2079,7,1453,315,29,3909,56,3965,0,3965,1276,5241,75.65
第10屆區域立法委員選舉桃園市第3,在各村(里),桃園市第3選舉區,　中壢區,仁福里,24,1823,8,1108,246,22,3231,32,3263,0,3263,1206,4469,73.01
第10屆區域立法委員選舉桃園市第3,在各村(里),桃園市第3選舉區,　中壢區,華愛里,15,1405,9,811,139,19,2398,40,2438,0,2438,821,3259,74.81
第10屆區域立法委員選舉桃園市第3,在各村(里),桃園市第3選舉區,　中壢區,普仁里,15,1333,9,1204,251,35,2847,30,2877,0,2877,1168,4045,71.12
第10屆區域立法委員選舉桃園市第3,在各村(里),桃園市第3選舉區,　中壢區,普忠里,10,1117,3,1014,213,18,2375,26,2401,0,2401,820,3221,74.54
第10屆區域立法委員選舉桃園市第3,在各村(里),桃園市第3選舉區,　中壢區,普強里,14,1331,3,1103,252,21,2724,40,2764,0,2764,785,3549,77.88
第10屆區域立法委員選舉桃園市第3,在各村(里),桃園市第3選舉區,　中壢區,普慶里,10,921,5,772,169,16,1893,22,1915,0,1915,544,2459,77.88
第10屆區域立法委員選舉桃園市第3,在各村(里),桃園市第3選舉區,　中壢區,信義里,15,1408,7,1485,281,25,3221,33,3254,0,3254,886,4140,78.60
第10屆區域立法委員選舉桃園市第3,在各村(里),桃園市第3選舉區,　中壢區,正義里,11,1347,7,1441,274,21,3101,52,3153,0,3153,970,4123,76.47
第10屆區域立法委員選舉桃園市第3,在各村(里),桃園市第3選舉區,　中壢區,普義里,17,1421,10,1058,285,25,2816,42,2858,0,2858,2452,5310,53.82
第10屆區域立法委員選舉桃園市第3,在各村(里),桃園市第3選舉區,　中壢區,德義里,15,879,6,773,177,10,1860,26,1886,0,1886,557,2443,77.20
第10屆區域立法委員選舉桃園市第3,在各村(里),桃園市第3選舉區,　中壢區,仁義里,19,1181,11,1240,234,38,2723,30,2753,0,2753,921,3674,74.93
第10屆區域立法委員選舉桃園市第3,在各村(里),桃園市第3選舉區,　中壢區,忠義里,18,1194,3,1067,245,21,2548,40,2588,0,2588,967,3555,72.80
第10屆區域立法委員選舉桃園市第3,在各村(里),桃園市第3選舉區,　中壢區,中興里,14,1141,9,798,186,22,2170,33,2203,0,2203,795,2998,73.48
第10屆區域立法委員選舉桃園市第3,在各村(里),桃園市第3選舉區,　中壢區,自立里,21,2833,3,588,221,21,3687,49,3736,0,3736,1191,4927,75.83
第10屆區域立法委員選舉桃園市第3,在各村(里),桃園市第3選舉區,　中壢區,自信里,31,2081,6,1247,358,41,3764,43,3807,1,3808,1291,5099,74.66
第10屆區域立法委員選舉桃園市第3,在各村(里),桃園市第3選舉區,　中壢區,莊敬里,14,1670,7,569,168,24,2452,46,2498,0,2498,759,3257,76.70
第10屆區域立法委員選舉桃園市第3,在各村(里),桃園市第3選舉區,　中壢區,自治里,9,1636,6,582,196,24,2453,42,2495,0,2495,722,3217,77.56
第10屆區域立法委員選舉桃園市第3,在各村(里),桃園市第3選舉區,　中壢區,內壢里,7,821,3,509,124,15,1479,28,1507,0,1507,555,2062,73.08
第10屆區域立法委員選舉桃園市第3,在各村(里),桃園市第3選舉區,　中壢區,成功里,24,1439,8,1183,222,29,2905,47,2952,0,2952,1029,3981,74.15
第10屆區域立法委員選舉桃園市第3,在各村(里),桃園市第3選舉區,　中壢區,福德里,25,1041,9,780,192,15,2062,33,2095,1,2096,631,2727,76.82
第10屆區域立法委員選舉桃園市第3,在各村(里),桃園市第3選舉區,　中壢區,中原里,11,1282,9,1145,196,31,2674,32,2706,0,2706,853,3559,76.03
第10屆區域立法委員選舉桃園市第3,在各村(里),桃園市第3選舉區,　中壢區,忠孝里,13,1557,5,1265,345,34,3219,47,3266,1,3267,1030,4297,76.01
第10屆區域立法委員選舉桃園市第3,在各村(里),桃園市第3選舉區,　中壢區,復興里,60,2804,18,2625,619,59,6185,92,6277,0,6277,2288,8565,73.29
第10屆區域立法委員選舉桃園市第3,在各村(里),桃園市第3選舉區,　中壢區,復華里,28,1830,11,1745,319,32,3965,39,4004,0,4004,1197,5201,76.99
第10屆區域立法委員選舉桃園市第3,在各村(里),桃園市第3選舉區,　中壢區,文化里,31,2840,18,2744,573,52,6258,81,6339,0,6339,1964,8303,76.35
第10屆區域立法委員選舉桃園市第3,在各村(里),桃園市第3選舉區,　中壢區,和平里,8,916,6,751,183,15,1879,21,1900,0,1900,512,2412,78.77
第10屆區域立法委員選舉桃園市第3,在各村(里),桃園市第3選舉區,　中壢區,內定里,19,1785,8,2661,361,35,4869,69,4938,0,4938,1482,6420,76.92
第10屆區域立法委員選舉桃園市第3,在各村(里),桃園市第3選舉區,　中壢區,石頭里,9,486,2,610,81,4,1192,14,1206,0,1206,440,1646,73.27
第10屆區域立法委員選舉桃園市第3,在各村(里),桃園市第3選舉區,　中壢區,中央里,18,1222,6,1125,219,32,2622,44,2666,0,2666,745,3411,78.16
第10屆區域立法委員選舉桃園市第3,在各村(里),桃園市第3選舉區,　中壢區,新興里,9,1258,7,1112,230,21,2637,33,2670,0,2670,814,3484,76.64
第10屆區域立法委員選舉桃園市第3,在各村(里),桃園市第3選舉區,　中壢區,林森里,15,1314,5,1186,238,20,2778,39,2817,1,2818,823,3641,77.37
第10屆區域立法委員選舉桃園市第3,在各村(里),桃園市第3選舉區,　中壢區,振興里,29,1673,14,1430,292,24,3462,46,3508,0,3508,1077,4585,76.51
第10屆區域立法委員選舉桃園市第3,在各村(里),桃園市第3選舉區,　中壢區,東興里,17,1019,7,1160,209,18,2430,31,2461,0,2461,756,3217,76.50
第10屆區域立法委員選舉桃園市第3,在各村(里),桃園市第3選舉區,　中壢區,健行里,16,1530,7,1396,262,24,3235,35,3270,0,3270,954,4224,77.41
第10屆區域立法委員選舉桃園市第3,在各村(里),桃園市第3選舉區,　中壢區,水尾里,9,1046,4,1307,200,8,2574,23,2597,0,2597,831,3428,75.76
第10屆區域立法委員選舉桃園市第3,在各村(里),桃園市第3選舉區,　中壢區,金華里,15,1680,4,1032,255,19,3005,39,3044,0,3044,801,3845,79.17
第10屆區域立法委員選舉桃園市第3,在各村(里),桃園市第3選舉區,　中壢區,忠福里,35,2455,16,2575,459,40,5580,71,5651,0,5651,1734,7385,76.52
第10屆區域立法委員選舉桃園市第3,在各村(里),桃園市第3選舉區,　中壢區,幸福里,27,1908,19,1876,421,42,4293,50,4343,0,4343,1406,5749,75.54
第10屆區域立法委員選舉桃園市第3,在各村(里),桃園市第3選舉區,　中壢區,永福里,13,1706,8,1902,358,33,4020,57,4077,1,4078,1157,5235,77.88
第10屆區域立法委員選舉桃園市第3,在各村(里),桃園市第3選舉區,　中壢區,青埔里,22,1264,6,1302,284,35,2913,46,2959,0,2959,995,3954,74.84
第10屆區域立法委員選舉桃園市第3,在各村(里),桃園市第3選舉區,　中壢區,新街里,8,740,7,633,129,10,1527,26,1553,0,1553,524,2077,74.77
第10屆區域立法委員選舉桃園市第3,在各村(里),桃園市第3選舉區,　中壢區,興南里,9,1051,3,881,164,27,2135,29,2164,0,2164,810,2974,72.76
第10屆區域立法委員選舉桃園市第3,在各村(里),桃園市第3選舉區,　中壢區,興國里,4,614,2,666,104,8,1398,24,1422,0,1422,469,1891,75.20
第10屆區域立法委員選舉桃園市第3,在各村(里),桃園市第3選舉區,　中壢區,興平里,6,718,4,964,140,5,1837,24,1861,0,1861,488,2349,79.23
第10屆區域立法委員選舉桃園市第3,在各村(里),桃園市第3選舉區,　中壢區,興和里,7,818,4,1124,142,14,2109,19,2128,0,2128,534,2662,79.94
第10屆區域立法委員選舉桃園市第3,在各村(里),桃園市第3選舉區,　中壢區,永興里,4,313,3,316,57,4,697,7,704,0,704,218,922,76.36
第10屆區域立法委員選舉桃園市第3,在各村(里),桃園市第3選舉區,　中壢區,中壢里,3,220,2,252,31,3,511,7,518,0,518,179,697,74.32
第10屆區域立法委員選舉桃園市第3,在各村(里),桃園市第3選舉區,　中壢區,中榮里,4,245,1,302,34,3,589,8,597,0,597,210,807,73.98
第10屆區域立法委員選舉桃園市第3,在各村(里),桃園市第3選舉區,　中壢區,中建里,7,278,1,378,55,2,721,8,729,0,729,244,973,74.92
第10屆區域立法委員選舉桃園市第3,在各村(里),桃園市第3選舉區,　中壢區,舊明里,7,444,5,615,79,7,1157,17,1174,0,1174,290,1464,80.19
第10屆區域立法委員選舉桃園市第3,在各村(里),桃園市第3選舉區,　中壢區,新明里,21,1102,9,1335,190,21,2678,32,2710,0,2710,907,3617,74.92
第10屆區域立法委員選舉桃園市第3,在各村(里),桃園市第3選舉區,　中壢區,光明里,17,1967,5,1597,328,29,3943,49,3992,1,3993,1247,5240,76.18
第10屆區域立法委員選舉桃園市第3,在各村(里),桃園市第3選舉區,　中壢區,永光里,27,1704,5,1826,304,24,3890,48,3938,0,3938,1302,5240,75.15
第10屆區域立法委員選舉桃園市第3,在各村(里),桃園市第3選舉區,　中壢區,三民里,7,898,3,1242,137,18,2305,34,2339,0,2339,718,3057,76.51
第10屆區域立法委員選舉桃園市第3,在各村(里),桃園市第3選舉區,　中壢區,五權里,47,1771,13,2123,305,35,4294,47,4341,0,4341,1442,5783,75.06
第10屆區域立法委員選舉桃園市第3,在各村(里),桃園市第3選舉區,　中壢區,五福里,10,1071,10,1385,198,13,2687,38,2725,0,2725,754,3479,78.33
第10屆區域立法委員選舉桃園市第3,在各村(里),桃園市第3選舉區,　中壢區,芝芭里,19,902,8,1426,172,19,2546,35,2581,0,2581,825,3406,75.78
第10屆區域立法委員選舉桃園市第3,在各村(里),桃園市第3選舉區,　中壢區,洽溪里,43,1562,8,1884,455,47,3999,42,4041,0,4041,1313,5354,75.48
第10屆區域立法委員選舉桃園市第3,在各村(里),桃園市第3選舉區,　中壢區,內厝里,26,1177,13,1910,268,37,3431,44,3475,0,3475,1042,4517,76.93
第10屆區域立法委員選舉桃園市第3,在各村(里),桃園市第3選舉區,　中壢區,月眉里,19,1145,7,2350,270,28,3819,34,3853,0,3853,1277,5130,75.11
第10屆區域立法委員選舉桃園市第3,在各村(里),桃園市第3選舉區,　中壢區,山東里,7,790,11,1747,146,15,2716,34,2750,1,2751,834,3585,76.71
第10屆區域立法委員選舉桃園市第3,在各村(里),桃園市第3選舉區,　中壢區,過嶺里,28,1897,9,2417,503,48,4902,58,4960,0,4960,1577,6537,75.88
