Header1,Header2,By,Region,Village,(1) 葉壽山 中國國民黨,(2) 鍾佳濱 民主進步黨,(3) 黃冬輝 無,(4) 蔣月惠 無,(5) 秦鴻明 無,(6) 潘偉龍 一邊一國行動黨,有效票數A A=1+2+...+N,無效票數B,投票數C C=A+B,已領未投票數 D D=E-C,發出票數E E=C+D,用餘票數F,選舉人數G G=E+F,投票率H H=C÷G
第10屆區域立法委員選舉屏東縣第1,在各村(里),屏東縣第1選舉區,　屏東市,武廟里、大同里、端正里,235,458,7,64,2,6,772,10,782,0,782,268,1050,74.48
第10屆區域立法委員選舉屏東縣第1,在各村(里),屏東縣第1選舉區,　屏東市,文明里、泰安里,240,212,3,38,1,7,501,5,506,0,506,154,660,76.67
第10屆區域立法委員選舉屏東縣第1,在各村(里),屏東縣第1選舉區,　屏東市,光榮里、民權里,357,478,7,100,1,6,949,7,956,0,956,299,1255,76.18
第10屆區域立法委員選舉屏東縣第1,在各村(里),屏東縣第1選舉區,　屏東市,大埔里、必信里,326,499,12,82,2,13,934,12,946,0,946,297,1243,76.11
第10屆區域立法委員選舉屏東縣第1,在各村(里),屏東縣第1選舉區,　屏東市,崇智里、崇禮里,188,287,1,42,0,2,520,5,525,0,525,144,669,78.48
第10屆區域立法委員選舉屏東縣第1,在各村(里),屏東縣第1選舉區,　屏東市,維新里,732,961,15,176,2,14,1900,27,1927,0,1927,679,2606,73.94
第10屆區域立法委員選舉屏東縣第1,在各村(里),屏東縣第1選舉區,　屏東市,楠樹里、扶風里、慶春里,331,514,6,78,0,13,942,10,952,0,952,238,1190,80.00
第10屆區域立法委員選舉屏東縣第1,在各村(里),屏東縣第1選舉區,　屏東市,安樂里、平和里,289,443,4,76,1,5,818,11,829,0,829,233,1062,78.06
第10屆區域立法委員選舉屏東縣第1,在各村(里),屏東縣第1選舉區,　屏東市,金泉里、勝豐里,267,452,3,71,0,9,802,10,812,0,812,207,1019,79.69
第10屆區域立法委員選舉屏東縣第1,在各村(里),屏東縣第1選舉區,　屏東市,橋南里,423,522,14,117,1,4,1081,13,1094,0,1094,378,1472,74.32
第10屆區域立法委員選舉屏東縣第1,在各村(里),屏東縣第1選舉區,　屏東市,橋北里,263,290,1,61,2,8,625,7,632,0,632,204,836,75.60
第10屆區域立法委員選舉屏東縣第1,在各村(里),屏東縣第1選舉區,　屏東市,大連里,3257,2760,57,664,5,39,6782,62,6844,0,6844,1842,8686,78.79
第10屆區域立法委員選舉屏東縣第1,在各村(里),屏東縣第1選舉區,　屏東市,豐田里,1259,1239,26,306,2,13,2845,30,2875,0,2875,925,3800,75.66
第10屆區域立法委員選舉屏東縣第1,在各村(里),屏東縣第1選舉區,　屏東市,豐榮里,822,872,14,177,1,9,1895,17,1912,0,1912,487,2399,79.70
第10屆區域立法委員選舉屏東縣第1,在各村(里),屏東縣第1選舉區,　屏東市,豐源里,1210,1089,21,267,1,24,2612,28,2640,0,2640,719,3359,78.59
第10屆區域立法委員選舉屏東縣第1,在各村(里),屏東縣第1選舉區,　屏東市,長春里,570,604,15,148,1,4,1342,20,1362,0,1362,422,1784,76.35
第10屆區域立法委員選舉屏東縣第1,在各村(里),屏東縣第1選舉區,　屏東市,瑞光里,2162,2154,64,596,7,40,5023,67,5090,0,5090,1673,6763,75.26
第10屆區域立法委員選舉屏東縣第1,在各村(里),屏東縣第1選舉區,　屏東市,湖南里,201,463,6,99,1,9,779,9,788,0,788,221,1009,78.10
第10屆區域立法委員選舉屏東縣第1,在各村(里),屏東縣第1選舉區,　屏東市,湖西里,309,675,6,115,1,29,1135,13,1148,0,1148,336,1484,77.36
第10屆區域立法委員選舉屏東縣第1,在各村(里),屏東縣第1選舉區,　屏東市,歸心里,209,481,6,84,0,16,796,11,807,0,807,267,1074,75.14
第10屆區域立法委員選舉屏東縣第1,在各村(里),屏東縣第1選舉區,　屏東市,清溪里,1246,1261,33,350,1,17,2908,21,2929,0,2929,907,3836,76.36
第10屆區域立法委員選舉屏東縣第1,在各村(里),屏東縣第1選舉區,　屏東市,大武里,2471,2647,56,638,2,34,5848,51,5899,0,5899,1907,7806,75.57
第10屆區域立法委員選舉屏東縣第1,在各村(里),屏東縣第1選舉區,　屏東市,崇武里,1393,445,27,187,0,7,2059,15,2074,0,2074,665,2739,75.72
第10屆區域立法委員選舉屏東縣第1,在各村(里),屏東縣第1選舉區,　屏東市,凌雲里、鵬程里,133,184,14,51,0,3,385,4,389,0,389,149,538,72.30
第10屆區域立法委員選舉屏東縣第1,在各村(里),屏東縣第1選舉區,　屏東市,永順里、永昌里,159,165,4,33,1,2,364,8,372,0,372,119,491,75.76
第10屆區域立法委員選舉屏東縣第1,在各村(里),屏東縣第1選舉區,　屏東市,安鎮里,435,816,12,163,0,9,1435,19,1454,0,1454,467,1921,75.69
第10屆區域立法委員選舉屏東縣第1,在各村(里),屏東縣第1選舉區,　屏東市,永光里,268,395,9,81,0,9,762,5,767,0,767,235,1002,76.55
第10屆區域立法委員選舉屏東縣第1,在各村(里),屏東縣第1選舉區,　屏東市,長安里,425,748,14,115,1,15,1318,16,1334,0,1334,466,1800,74.11
第10屆區域立法委員選舉屏東縣第1,在各村(里),屏東縣第1選舉區,　屏東市,前進里,747,1068,27,250,2,21,2115,27,2142,0,2142,664,2806,76.34
第10屆區域立法委員選舉屏東縣第1,在各村(里),屏東縣第1選舉區,　屏東市,大洲里,243,531,19,95,2,14,904,8,912,0,912,242,1154,79.03
第10屆區域立法委員選舉屏東縣第1,在各村(里),屏東縣第1選舉區,　屏東市,新興里,546,1004,18,230,2,14,1814,12,1826,0,1826,502,2328,78.44
第10屆區域立法委員選舉屏東縣第1,在各村(里),屏東縣第1選舉區,　屏東市,公館里,379,629,5,96,2,16,1127,18,1145,0,1145,325,1470,77.89
第10屆區域立法委員選舉屏東縣第1,在各村(里),屏東縣第1選舉區,　屏東市,新生里,1561,1777,50,534,3,30,3955,45,4000,0,4000,1213,5213,76.73
第10屆區域立法委員選舉屏東縣第1,在各村(里),屏東縣第1選舉區,　屏東市,頂宅里,98,239,0,34,1,5,377,8,385,0,385,116,501,76.85
第10屆區域立法委員選舉屏東縣第1,在各村(里),屏東縣第1選舉區,　屏東市,頂柳里,267,432,11,85,1,7,803,10,813,0,813,257,1070,75.98
第10屆區域立法委員選舉屏東縣第1,在各村(里),屏東縣第1選舉區,　屏東市,大湖里,424,655,11,153,2,19,1264,18,1282,0,1282,447,1729,74.15
第10屆區域立法委員選舉屏東縣第1,在各村(里),屏東縣第1選舉區,　屏東市,龍華里,563,894,14,160,1,16,1648,21,1669,0,1669,528,2197,75.97
第10屆區域立法委員選舉屏東縣第1,在各村(里),屏東縣第1選舉區,　屏東市,玉成里,297,681,15,110,2,6,1111,18,1129,0,1129,289,1418,79.62
第10屆區域立法委員選舉屏東縣第1,在各村(里),屏東縣第1選舉區,　屏東市,擇仁里,193,318,5,61,0,4,581,4,585,0,585,229,814,71.87
第10屆區域立法委員選舉屏東縣第1,在各村(里),屏東縣第1選舉區,　屏東市,建國里,279,288,4,60,0,4,635,8,643,0,643,225,868,74.08
第10屆區域立法委員選舉屏東縣第1,在各村(里),屏東縣第1選舉區,　屏東市,萬年里,169,260,6,35,1,4,475,11,486,0,486,176,662,73.41
第10屆區域立法委員選舉屏東縣第1,在各村(里),屏東縣第1選舉區,　屏東市,厚生里,683,1134,18,191,4,18,2048,33,2081,0,2081,680,2761,75.37
第10屆區域立法委員選舉屏東縣第1,在各村(里),屏東縣第1選舉區,　屏東市,一心里,417,356,10,88,0,7,878,10,888,0,888,246,1134,78.31
第10屆區域立法委員選舉屏東縣第1,在各村(里),屏東縣第1選舉區,　屏東市,義勇里,458,288,3,99,0,4,852,7,859,0,859,209,1068,80.43
第10屆區域立法委員選舉屏東縣第1,在各村(里),屏東縣第1選舉區,　屏東市,光華里,180,223,5,45,0,2,455,4,459,0,459,199,658,69.76
第10屆區域立法委員選舉屏東縣第1,在各村(里),屏東縣第1選舉區,　屏東市,永安里,1991,2441,48,592,5,44,5121,67,5188,0,5188,1682,6870,75.52
第10屆區域立法委員選舉屏東縣第1,在各村(里),屏東縣第1選舉區,　屏東市,崇蘭里,4451,3196,86,944,12,41,8730,113,8843,0,8843,2587,11430,77.37
第10屆區域立法委員選舉屏東縣第1,在各村(里),屏東縣第1選舉區,　屏東市,潭墘里,4196,2767,89,831,1,45,7929,83,8012,0,8012,2865,10877,73.66
第10屆區域立法委員選舉屏東縣第1,在各村(里),屏東縣第1選舉區,　屏東市,永城里,590,590,6,147,2,11,1346,14,1360,0,1360,496,1856,73.28
第10屆區域立法委員選舉屏東縣第1,在各村(里),屏東縣第1選舉區,　屏東市,空翔里,812,289,9,95,1,17,1223,9,1232,0,1232,404,1636,75.31
第10屆區域立法委員選舉屏東縣第1,在各村(里),屏東縣第1選舉區,　屏東市,廣興里,675,648,13,157,4,20,1517,22,1539,0,1539,475,2014,76.42
第10屆區域立法委員選舉屏東縣第1,在各村(里),屏東縣第1選舉區,　屏東市,勝利里,1731,1340,19,424,3,30,3547,41,3588,1,3589,1655,5244,68.42
第10屆區域立法委員選舉屏東縣第1,在各村(里),屏東縣第1選舉區,　屏東市,斯文里,548,542,14,107,2,14,1227,9,1236,0,1236,367,1603,77.11
第10屆區域立法委員選舉屏東縣第1,在各村(里),屏東縣第1選舉區,　屏東市,華山里,1607,1404,24,374,1,21,3431,40,3471,0,3471,971,4442,78.14
第10屆區域立法委員選舉屏東縣第1,在各村(里),屏東縣第1選舉區,　屏東市,溝美里,650,702,26,159,2,15,1554,15,1569,0,1569,576,2145,73.15
第10屆區域立法委員選舉屏東縣第1,在各村(里),屏東縣第1選舉區,　屏東市,三山里,332,543,10,92,1,13,991,10,1001,0,1001,294,1295,77.30
第10屆區域立法委員選舉屏東縣第1,在各村(里),屏東縣第1選舉區,　屏東市,海豐里,205,390,3,60,0,16,674,5,679,0,679,155,834,81.41
第10屆區域立法委員選舉屏東縣第1,在各村(里),屏東縣第1選舉區,　屏東市,仁義里,274,421,7,67,0,20,789,11,800,0,800,270,1070,74.77
第10屆區域立法委員選舉屏東縣第1,在各村(里),屏東縣第1選舉區,　屏東市,北興里,1980,1838,30,452,2,33,4335,46,4381,0,4381,1344,5725,76.52
第10屆區域立法委員選舉屏東縣第1,在各村(里),屏東縣第1選舉區,　屏東市,北勢里,697,815,18,171,2,12,1715,12,1727,0,1727,505,2232,77.37
第10屆區域立法委員選舉屏東縣第1,在各村(里),屏東縣第1選舉區,　屏東市,中正里,1557,1313,21,357,3,25,3276,38,3314,0,3314,985,4299,77.09
第10屆區域立法委員選舉屏東縣第1,在各村(里),屏東縣第1選舉區,　屏東市,興樂里,242,240,2,58,0,3,545,9,554,1,555,157,712,77.81
第10屆區域立法委員選舉屏東縣第1,在各村(里),屏東縣第1選舉區,　屏東市,明正里,214,210,2,51,1,3,481,11,492,0,492,162,654,75.23
第10屆區域立法委員選舉屏東縣第1,在各村(里),屏東縣第1選舉區,　屏東市,太平里,198,228,2,48,1,3,480,8,488,0,488,143,631,77.34
第10屆區域立法委員選舉屏東縣第1,在各村(里),屏東縣第1選舉區,　屏東市,信和里,347,648,9,108,1,14,1127,11,1138,0,1138,361,1499,75.92
第10屆區域立法委員選舉屏東縣第1,在各村(里),屏東縣第1選舉區,　屏東市,和興里,207,389,6,72,0,3,677,8,685,0,685,231,916,74.78
第10屆區域立法委員選舉屏東縣第1,在各村(里),屏東縣第1選舉區,　屏東市,仁愛里,664,724,12,145,1,13,1559,21,1580,0,1580,461,2041,77.41
第10屆區域立法委員選舉屏東縣第1,在各村(里),屏東縣第1選舉區,　長治鄉,進興村,658,966,46,199,2,31,1902,21,1923,1,1924,643,2567,74.91
第10屆區域立法委員選舉屏東縣第1,在各村(里),屏東縣第1選舉區,　長治鄉,新潭村,1053,1177,53,267,2,27,2579,25,2604,0,2604,817,3421,76.12
第10屆區域立法委員選舉屏東縣第1,在各村(里),屏東縣第1選舉區,　長治鄉,潭頭村,497,745,36,143,1,17,1439,11,1450,0,1450,382,1832,79.15
第10屆區域立法委員選舉屏東縣第1,在各村(里),屏東縣第1選舉區,　長治鄉,香楊村,738,889,39,176,0,13,1855,20,1875,0,1875,539,2414,77.67
第10屆區域立法委員選舉屏東縣第1,在各村(里),屏東縣第1選舉區,　長治鄉,長興村,295,391,11,65,3,10,775,10,785,0,785,236,1021,76.89
第10屆區域立法委員選舉屏東縣第1,在各村(里),屏東縣第1選舉區,　長治鄉,崙上村,430,653,18,121,0,7,1229,11,1240,0,1240,342,1582,78.38
第10屆區域立法委員選舉屏東縣第1,在各村(里),屏東縣第1選舉區,　長治鄉,德榮村,244,490,15,103,2,7,861,11,872,0,872,275,1147,76.02
第10屆區域立法委員選舉屏東縣第1,在各村(里),屏東縣第1選舉區,　長治鄉,德和村,142,321,6,57,0,8,534,5,539,0,539,183,722,74.65
第10屆區域立法委員選舉屏東縣第1,在各村(里),屏東縣第1選舉區,　長治鄉,復興村,361,597,24,90,1,11,1084,13,1097,0,1097,326,1423,77.09
第10屆區域立法委員選舉屏東縣第1,在各村(里),屏東縣第1選舉區,　長治鄉,德成村,219,364,15,48,0,9,655,16,671,0,671,175,846,79.31
第10屆區域立法委員選舉屏東縣第1,在各村(里),屏東縣第1選舉區,　長治鄉,德協村,223,485,18,62,1,11,800,8,808,0,808,242,1050,76.95
第10屆區域立法委員選舉屏東縣第1,在各村(里),屏東縣第1選舉區,　長治鄉,繁榮村,315,527,13,103,2,40,1000,12,1012,0,1012,382,1394,72.60
第10屆區域立法委員選舉屏東縣第1,在各村(里),屏東縣第1選舉區,　長治鄉,繁昌村,335,727,19,173,0,35,1289,22,1311,0,1311,393,1704,76.94
第10屆區域立法委員選舉屏東縣第1,在各村(里),屏東縣第1選舉區,　長治鄉,繁隆村,278,375,15,99,2,25,794,10,804,0,804,293,1097,73.29
第10屆區域立法委員選舉屏東縣第1,在各村(里),屏東縣第1選舉區,　長治鄉,繁華村,425,1012,23,197,2,49,1708,32,1740,0,1740,577,2317,75.10
第10屆區域立法委員選舉屏東縣第1,在各村(里),屏東縣第1選舉區,　長治鄉,榮華村,217,122,10,27,0,16,392,2,394,0,394,152,546,72.16
第10屆區域立法委員選舉屏東縣第1,在各村(里),屏東縣第1選舉區,　麟洛鄉,新田村,511,966,25,140,0,19,1661,20,1681,0,1681,385,2066,81.36
第10屆區域立法委員選舉屏東縣第1,在各村(里),屏東縣第1選舉區,　麟洛鄉,麟頂村,214,395,24,61,0,5,699,17,716,0,716,178,894,80.09
第10屆區域立法委員選舉屏東縣第1,在各村(里),屏東縣第1選舉區,　麟洛鄉,麟蹄村,326,691,38,116,2,17,1190,12,1202,0,1202,292,1494,80.46
第10屆區域立法委員選舉屏東縣第1,在各村(里),屏東縣第1選舉區,　麟洛鄉,麟趾村,616,1085,38,187,0,23,1949,26,1975,0,1975,493,2468,80.02
第10屆區域立法委員選舉屏東縣第1,在各村(里),屏東縣第1選舉區,　麟洛鄉,田中村,269,545,19,84,1,7,925,10,935,0,935,232,1167,80.12
第10屆區域立法委員選舉屏東縣第1,在各村(里),屏東縣第1選舉區,　麟洛鄉,田心村,201,370,9,60,0,4,644,3,647,0,647,166,813,79.58
第10屆區域立法委員選舉屏東縣第1,在各村(里),屏東縣第1選舉區,　麟洛鄉,田道村,155,291,11,41,1,9,508,7,515,0,515,149,664,77.56
第10屆區域立法委員選舉屏東縣第1,在各村(里),屏東縣第1選舉區,　九如鄉,九清村,261,704,7,130,1,20,1123,12,1135,0,1135,298,1433,79.20
第10屆區域立法委員選舉屏東縣第1,在各村(里),屏東縣第1選舉區,　九如鄉,九塊村,260,663,19,89,0,13,1044,11,1055,0,1055,274,1329,79.38
第10屆區域立法委員選舉屏東縣第1,在各村(里),屏東縣第1選舉區,　九如鄉,九明村,320,792,16,115,2,14,1259,13,1272,0,1272,357,1629,78.08
第10屆區域立法委員選舉屏東縣第1,在各村(里),屏東縣第1選舉區,　九如鄉,大坵村,251,478,6,89,2,11,837,13,850,0,850,245,1095,77.63
第10屆區域立法委員選舉屏東縣第1,在各村(里),屏東縣第1選舉區,　九如鄉,玉水村,260,530,6,69,2,23,890,14,904,0,904,287,1191,75.90
第10屆區域立法委員選舉屏東縣第1,在各村(里),屏東縣第1選舉區,　九如鄉,玉泉村,374,602,9,143,0,20,1148,18,1166,0,1166,375,1541,75.67
第10屆區域立法委員選舉屏東縣第1,在各村(里),屏東縣第1選舉區,　九如鄉,東寧村,965,1942,24,329,5,48,3313,45,3358,0,3358,987,4345,77.28
第10屆區域立法委員選舉屏東縣第1,在各村(里),屏東縣第1選舉區,　九如鄉,三塊村,250,717,7,123,2,20,1119,13,1132,0,1132,400,1532,73.89
第10屆區域立法委員選舉屏東縣第1,在各村(里),屏東縣第1選舉區,　九如鄉,耆老村,266,555,12,62,1,16,912,13,925,0,925,285,1210,76.45
第10屆區域立法委員選舉屏東縣第1,在各村(里),屏東縣第1選舉區,　九如鄉,後庄村,346,844,9,122,4,21,1346,31,1377,0,1377,348,1725,79.83
第10屆區域立法委員選舉屏東縣第1,在各村(里),屏東縣第1選舉區,　九如鄉,洽興村,305,636,10,89,3,15,1058,17,1075,0,1075,345,1420,75.70
第10屆區域立法委員選舉屏東縣第1,在各村(里),屏東縣第1選舉區,　里港鄉,玉田村,707,1324,16,242,1,31,2321,25,2346,0,2346,617,2963,79.18
第10屆區域立法委員選舉屏東縣第1,在各村(里),屏東縣第1選舉區,　里港鄉,塔樓村,319,694,12,114,2,24,1165,20,1185,0,1185,302,1487,79.69
第10屆區域立法委員選舉屏東縣第1,在各村(里),屏東縣第1選舉區,　里港鄉,潮厝村,320,672,14,124,1,24,1155,20,1175,0,1175,342,1517,77.46
第10屆區域立法委員選舉屏東縣第1,在各村(里),屏東縣第1選舉區,　里港鄉,大平村,300,437,6,70,1,17,831,12,843,0,843,249,1092,77.20
第10屆區域立法委員選舉屏東縣第1,在各村(里),屏東縣第1選舉區,　里港鄉,永春村,210,348,4,54,1,13,630,16,646,0,646,159,805,80.25
第10屆區域立法委員選舉屏東縣第1,在各村(里),屏東縣第1選舉區,　里港鄉,春林村,302,535,3,75,2,13,930,11,941,0,941,285,1226,76.75
第10屆區域立法委員選舉屏東縣第1,在各村(里),屏東縣第1選舉區,　里港鄉,過江村,482,825,6,145,4,13,1475,24,1499,0,1499,442,1941,77.23
第10屆區域立法委員選舉屏東縣第1,在各村(里),屏東縣第1選舉區,　里港鄉,鐵店村,346,597,7,119,0,20,1089,12,1101,0,1101,295,1396,78.87
第10屆區域立法委員選舉屏東縣第1,在各村(里),屏東縣第1選舉區,　里港鄉,茄苳村,279,752,9,107,0,14,1161,20,1181,0,1181,305,1486,79.48
第10屆區域立法委員選舉屏東縣第1,在各村(里),屏東縣第1選舉區,　里港鄉,載興村,477,1113,16,148,1,34,1789,22,1811,0,1811,498,2309,78.43
第10屆區域立法委員選舉屏東縣第1,在各村(里),屏東縣第1選舉區,　里港鄉,土庫村,675,606,9,117,0,24,1431,24,1455,0,1455,503,1958,74.31
第10屆區域立法委員選舉屏東縣第1,在各村(里),屏東縣第1選舉區,　里港鄉,三廍村,473,707,10,121,2,23,1336,21,1357,0,1357,397,1754,77.37
第10屆區域立法委員選舉屏東縣第1,在各村(里),屏東縣第1選舉區,　里港鄉,中和村,234,385,2,52,1,16,690,14,704,0,704,226,930,75.70
第10屆區域立法委員選舉屏東縣第1,在各村(里),屏東縣第1選舉區,　里港鄉,瀰力村,121,236,1,40,0,5,403,4,407,0,407,88,495,82.22
第10屆區域立法委員選舉屏東縣第1,在各村(里),屏東縣第1選舉區,　鹽埔鄉,鹽北村,567,527,14,123,1,30,1262,23,1285,0,1285,464,1749,73.47
第10屆區域立法委員選舉屏東縣第1,在各村(里),屏東縣第1選舉區,　鹽埔鄉,鹽中村,710,695,16,170,2,33,1626,25,1651,0,1651,622,2273,72.64
第10屆區域立法委員選舉屏東縣第1,在各村(里),屏東縣第1選舉區,　鹽埔鄉,鹽南村,557,482,14,124,1,22,1200,19,1219,0,1219,436,1655,73.66
第10屆區域立法委員選舉屏東縣第1,在各村(里),屏東縣第1選舉區,　鹽埔鄉,仕絨村,348,271,14,95,2,6,736,3,739,11,750,260,1010,73.17
第10屆區域立法委員選舉屏東縣第1,在各村(里),屏東縣第1選舉區,　鹽埔鄉,高朗村,653,972,19,248,4,51,1947,29,1976,0,1976,760,2736,72.22
第10屆區域立法委員選舉屏東縣第1,在各村(里),屏東縣第1選舉區,　鹽埔鄉,振興村,445,593,8,120,4,47,1217,24,1241,0,1241,530,1771,70.07
第10屆區域立法委員選舉屏東縣第1,在各村(里),屏東縣第1選舉區,　鹽埔鄉,久愛村,245,275,3,70,0,24,617,16,633,0,633,233,866,73.09
第10屆區域立法委員選舉屏東縣第1,在各村(里),屏東縣第1選舉區,　鹽埔鄉,新圍村,571,1254,34,267,3,48,2177,38,2215,0,2215,828,3043,72.79
第10屆區域立法委員選舉屏東縣第1,在各村(里),屏東縣第1選舉區,　鹽埔鄉,新二村,913,1195,28,275,2,40,2453,43,2496,0,2496,907,3403,73.35
第10屆區域立法委員選舉屏東縣第1,在各村(里),屏東縣第1選舉區,　鹽埔鄉,彭厝村,270,363,8,73,0,12,726,10,736,0,736,207,943,78.05
第10屆區域立法委員選舉屏東縣第1,在各村(里),屏東縣第1選舉區,　鹽埔鄉,洛陽村,438,548,10,120,0,11,1127,17,1144,0,1144,370,1514,75.56
第10屆區域立法委員選舉屏東縣第1,在各村(里),屏東縣第1選舉區,　鹽埔鄉,永隆村,117,241,6,21,0,4,389,7,396,0,396,136,532,74.44
第10屆區域立法委員選舉屏東縣第1,在各村(里),屏東縣第1選舉區,　高樹鄉,高樹村,421,952,26,96,1,22,1518,18,1536,0,1536,494,2030,75.67
第10屆區域立法委員選舉屏東縣第1,在各村(里),屏東縣第1選舉區,　高樹鄉,長榮村,215,621,9,47,1,12,905,9,914,0,914,289,1203,75.98
第10屆區域立法委員選舉屏東縣第1,在各村(里),屏東縣第1選舉區,　高樹鄉,東興村,120,367,4,25,0,7,523,6,529,0,529,182,711,74.40
第10屆區域立法委員選舉屏東縣第1,在各村(里),屏東縣第1選舉區,　高樹鄉,東振村,136,263,6,17,1,5,428,7,435,0,435,139,574,75.78
第10屆區域立法委員選舉屏東縣第1,在各村(里),屏東縣第1選舉區,　高樹鄉,源泉村,222,410,7,52,37,7,735,12,747,0,747,230,977,76.46
第10屆區域立法委員選舉屏東縣第1,在各村(里),屏東縣第1選舉區,　高樹鄉,建興村,184,486,14,60,2,12,758,18,776,0,776,316,1092,71.06
第10屆區域立法委員選舉屏東縣第1,在各村(里),屏東縣第1選舉區,　高樹鄉,大埔村,133,231,1,26,1,10,402,7,409,0,409,171,580,70.52
第10屆區域立法委員選舉屏東縣第1,在各村(里),屏東縣第1選舉區,　高樹鄉,菜寮村,117,390,5,27,1,14,554,16,570,0,570,164,734,77.66
第10屆區域立法委員選舉屏東縣第1,在各村(里),屏東縣第1選舉區,　高樹鄉,司馬村,181,205,6,13,3,12,420,7,427,0,427,196,623,68.54
第10屆區域立法委員選舉屏東縣第1,在各村(里),屏東縣第1選舉區,　高樹鄉,舊寮村,284,473,6,58,0,11,832,9,841,0,841,346,1187,70.85
第10屆區域立法委員選舉屏東縣第1,在各村(里),屏東縣第1選舉區,　高樹鄉,新豐村,317,566,4,42,5,22,956,21,977,0,977,409,1386,70.49
第10屆區域立法委員選舉屏東縣第1,在各村(里),屏東縣第1選舉區,　高樹鄉,泰山村,405,670,6,91,0,23,1195,22,1217,0,1217,548,1765,68.95
第10屆區域立法委員選舉屏東縣第1,在各村(里),屏東縣第1選舉區,　高樹鄉,南華村,233,504,8,84,4,14,847,18,865,0,865,332,1197,72.26
第10屆區域立法委員選舉屏東縣第1,在各村(里),屏東縣第1選舉區,　高樹鄉,廣福村,207,446,23,61,2,15,754,11,765,0,765,250,1015,75.37
第10屆區域立法委員選舉屏東縣第1,在各村(里),屏東縣第1選舉區,　高樹鄉,廣興村,236,399,7,49,1,12,704,12,716,0,716,327,1043,68.65
第10屆區域立法委員選舉屏東縣第1,在各村(里),屏東縣第1選舉區,　高樹鄉,舊庄村,204,421,12,44,0,14,695,17,712,0,712,267,979,72.73
第10屆區域立法委員選舉屏東縣第1,在各村(里),屏東縣第1選舉區,　高樹鄉,田子村,226,432,2,36,2,15,713,13,726,0,726,291,1017,71.39
第10屆區域立法委員選舉屏東縣第1,在各村(里),屏東縣第1選舉區,　高樹鄉,鹽樹村,315,460,4,67,0,11,857,23,880,0,880,281,1161,75.80
第10屆區域立法委員選舉屏東縣第1,在各村(里),屏東縣第1選舉區,　高樹鄉,新南村,308,653,10,75,1,21,1068,17,1085,0,1085,378,1463,74.16
第10屆區域立法委員選舉屏東縣第1,在各村(里),屏東縣第1選舉區,　內埔鄉,內埔村,904,1317,51,253,3,132,2660,34,2694,1,2695,1068,3763,71.59
第10屆區域立法委員選舉屏東縣第1,在各村(里),屏東縣第1選舉區,　內埔鄉,內田村,707,1176,18,219,1,66,2187,32,2219,0,2219,797,3016,73.57
第10屆區域立法委員選舉屏東縣第1,在各村(里),屏東縣第1選舉區,　內埔鄉,興南村,286,531,17,78,0,59,971,5,976,0,976,294,1270,76.85
第10屆區域立法委員選舉屏東縣第1,在各村(里),屏東縣第1選舉區,　內埔鄉,義亭村,109,225,12,39,1,33,419,8,427,0,427,132,559,76.39
第10屆區域立法委員選舉屏東縣第1,在各村(里),屏東縣第1選舉區,　內埔鄉,美和村,485,825,23,154,1,27,1515,29,1544,0,1544,573,2117,72.93
第10屆區域立法委員選舉屏東縣第1,在各村(里),屏東縣第1選舉區,　內埔鄉,和興村,698,1034,24,188,2,38,1984,27,2011,0,2011,611,2622,76.70
第10屆區域立法委員選舉屏東縣第1,在各村(里),屏東縣第1選舉區,　內埔鄉,東寧村,992,1730,48,308,3,131,3212,24,3236,0,3236,1045,4281,75.59
第10屆區域立法委員選舉屏東縣第1,在各村(里),屏東縣第1選舉區,　內埔鄉,豐田村,685,1152,40,216,4,61,2158,26,2184,0,2184,662,2846,76.74
第10屆區域立法委員選舉屏東縣第1,在各村(里),屏東縣第1選舉區,　內埔鄉,振豐村,391,673,17,104,2,37,1224,14,1238,0,1238,349,1587,78.01
第10屆區域立法委員選舉屏東縣第1,在各村(里),屏東縣第1選舉區,　內埔鄉,富田村,352,838,12,118,3,26,1349,25,1374,1,1375,453,1828,75.16
第10屆區域立法委員選舉屏東縣第1,在各村(里),屏東縣第1選舉區,　內埔鄉,竹圍村,355,721,24,122,3,48,1273,17,1290,1,1291,422,1713,75.31
第10屆區域立法委員選舉屏東縣第1,在各村(里),屏東縣第1選舉區,　內埔鄉,東勢村,498,1285,20,210,1,68,2082,31,2113,0,2113,697,2810,75.20
第10屆區域立法委員選舉屏東縣第1,在各村(里),屏東縣第1選舉區,　內埔鄉,東片村,180,431,4,65,1,23,704,8,712,0,712,188,900,79.11
第10屆區域立法委員選舉屏東縣第1,在各村(里),屏東縣第1選舉區,　內埔鄉,上樹村,189,484,8,80,0,38,799,16,815,0,815,239,1054,77.32
第10屆區域立法委員選舉屏東縣第1,在各村(里),屏東縣第1選舉區,　內埔鄉,老埤村,332,655,16,138,1,386,1528,19,1547,0,1547,716,2263,68.36
第10屆區域立法委員選舉屏東縣第1,在各村(里),屏東縣第1選舉區,　內埔鄉,中林村,244,531,15,122,1,120,1033,15,1048,0,1048,424,1472,71.20
第10屆區域立法委員選舉屏東縣第1,在各村(里),屏東縣第1選舉區,　內埔鄉,龍泉村,684,627,23,166,2,139,1641,22,1663,0,1663,623,2286,72.75
第10屆區域立法委員選舉屏東縣第1,在各村(里),屏東縣第1選舉區,　內埔鄉,龍潭村,644,505,22,131,1,118,1421,13,1434,0,1434,620,2054,69.81
第10屆區域立法委員選舉屏東縣第1,在各村(里),屏東縣第1選舉區,　內埔鄉,建興村,176,264,7,52,0,49,548,11,559,0,559,245,804,69.53
第10屆區域立法委員選舉屏東縣第1,在各村(里),屏東縣第1選舉區,　內埔鄉,大新村,399,608,14,70,2,112,1205,13,1218,0,1218,412,1630,74.72
第10屆區域立法委員選舉屏東縣第1,在各村(里),屏東縣第1選舉區,　內埔鄉,黎明村,474,831,19,150,2,133,1609,30,1639,0,1639,600,2239,73.20
第10屆區域立法委員選舉屏東縣第1,在各村(里),屏東縣第1選舉區,　內埔鄉,隘寮村,285,278,17,52,1,151,784,10,794,0,794,337,1131,70.20
第10屆區域立法委員選舉屏東縣第1,在各村(里),屏東縣第1選舉區,　內埔鄉,水門村,194,225,8,39,0,22,488,11,499,0,499,149,648,77.01
第10屆區域立法委員選舉屏東縣第1,在各村(里),屏東縣第1選舉區,　三地門鄉,大社村,4,5,0,1,0,1,11,0,11,0,11,4,15,73.33
第10屆區域立法委員選舉屏東縣第1,在各村(里),屏東縣第1選舉區,　三地門鄉,德文村,2,2,0,1,0,1,6,1,7,0,7,8,15,46.67
第10屆區域立法委員選舉屏東縣第1,在各村(里),屏東縣第1選舉區,　三地門鄉,達來村,5,1,0,1,0,0,7,1,8,0,8,3,11,72.73
第10屆區域立法委員選舉屏東縣第1,在各村(里),屏東縣第1選舉區,　三地門鄉,三地村,26,12,0,5,0,1,44,4,48,0,48,23,71,67.61
第10屆區域立法委員選舉屏東縣第1,在各村(里),屏東縣第1選舉區,　三地門鄉,賽嘉村,12,13,1,3,1,0,30,0,30,0,30,15,45,66.67
第10屆區域立法委員選舉屏東縣第1,在各村(里),屏東縣第1選舉區,　三地門鄉,口社村,11,8,1,2,0,0,22,0,22,0,22,11,33,66.67
第10屆區域立法委員選舉屏東縣第1,在各村(里),屏東縣第1選舉區,　三地門鄉,馬兒村,4,1,0,1,0,0,6,1,7,0,7,7,14,50.00
第10屆區域立法委員選舉屏東縣第1,在各村(里),屏東縣第1選舉區,　三地門鄉,安坡村,12,9,0,1,0,1,23,0,23,0,23,9,32,71.88
第10屆區域立法委員選舉屏東縣第1,在各村(里),屏東縣第1選舉區,　三地門鄉,青山村,25,10,0,5,0,0,40,2,42,0,42,17,59,71.19
第10屆區域立法委員選舉屏東縣第1,在各村(里),屏東縣第1選舉區,　三地門鄉,青葉村,15,4,0,3,0,1,23,1,24,0,24,12,36,66.67
第10屆區域立法委員選舉屏東縣第1,在各村(里),屏東縣第1選舉區,　霧臺鄉,霧台村,10,8,0,1,0,0,19,0,19,0,19,2,21,90.48
第10屆區域立法委員選舉屏東縣第1,在各村(里),屏東縣第1選舉區,　霧臺鄉,吉露村,5,2,1,0,0,0,8,0,8,0,8,1,9,88.89
第10屆區域立法委員選舉屏東縣第1,在各村(里),屏東縣第1選舉區,　霧臺鄉,阿禮村,4,3,0,1,0,0,8,1,9,0,9,1,10,90.00
第10屆區域立法委員選舉屏東縣第1,在各村(里),屏東縣第1選舉區,　霧臺鄉,好茶村,7,3,0,2,0,1,13,0,13,0,13,6,19,68.42
第10屆區域立法委員選舉屏東縣第1,在各村(里),屏東縣第1選舉區,　霧臺鄉,佳暮村,0,0,0,0,0,0,0,0,0,0,0,2,2,0.00
第10屆區域立法委員選舉屏東縣第1,在各村(里),屏東縣第1選舉區,　霧臺鄉,大武村,5,2,0,1,0,0,8,0,8,0,8,7,15,53.33
第10屆區域立法委員選舉屏東縣第1,在各村(里),屏東縣第1選舉區,　瑪家鄉,瑪家村,0,5,0,2,0,0,7,0,7,0,7,4,11,63.64
第10屆區域立法委員選舉屏東縣第1,在各村(里),屏東縣第1選舉區,　瑪家鄉,北葉村,20,3,0,0,0,0,23,0,23,0,23,13,36,63.89
第10屆區域立法委員選舉屏東縣第1,在各村(里),屏東縣第1選舉區,　瑪家鄉,三和村,33,12,2,14,0,0,61,1,62,0,62,20,82,75.61
第10屆區域立法委員選舉屏東縣第1,在各村(里),屏東縣第1選舉區,　瑪家鄉,凉山村,9,5,2,0,0,1,17,1,18,0,18,23,41,43.90
第10屆區域立法委員選舉屏東縣第1,在各村(里),屏東縣第1選舉區,　瑪家鄉,佳義村,17,3,1,1,0,0,22,1,23,0,23,12,35,65.71
第10屆區域立法委員選舉屏東縣第1,在各村(里),屏東縣第1選舉區,　瑪家鄉,排灣村,3,2,0,0,0,0,5,0,5,0,5,4,9,55.56
